<?xml version="1.0"?>
<opencv_storage>
<num>35</num>
<i1>neg1.jpg</i1>
<i2>neg2.jpg</i2>
<i3>neg3.jpg</i3>
<i4>neg4.jpg</i4>
<i5>neg5.jpg</i5>
<i6>neg6.jpg</i6>
<i7>neg7.jpg</i7>
<i8>neg8.jpg</i8>
<i9>neg9.jpg</i9>
<i10>neg10.jpg</i10>
<i11>neg11.jpg</i11>
<i12>neg12.jpg</i12>
<i13>neg13.jpg</i13>
<i14>neg14.jpg</i14>
<i15>neg15.jpg</i15>
<i16>neg16.jpg</i16>
<i17>neg17.jpg</i17>
<i18>neg18.jpg</i18>
<i19>neg19.jpg</i19>
<i20>neg20.jpg</i20>
<i21>neg21.jpg</i21>
<i22>neg22.jpg</i22>
<i23>neg23.jpg</i23>
<i24>neg24.jpg</i24>
<i25>neg25.jpg</i25>
<i26>neg26.jpg</i26>
<i27>neg27.jpg</i27>
<i28>neg28.jpg</i28>
<i29>neg29.jpg</i29>
<i30>neg30.jpg</i30>
<i31>neg31.jpg</i31>
<i32>neg32.jpg</i32>
<i33>neg33.jpg</i33>
<i34>neg34.jpg</i34>
<i35>neg35.jpg</i35>
</opencv_storage>