<?xml version="1.0"?>
<opencv_storage>
<num>95</num>
<i1>neg1.jpg</i1>
<i2>neg2.jpg</i2>
<i3>neg3.jpg</i3>
<i4>neg4.jpg</i4>
<i5>neg5.jpg</i5>
<i6>neg6.jpg</i6>
<i7>neg7.jpg</i7>
<i8>neg8.jpg</i8>
<i9>neg9.jpg</i9>
<i10>neg10.jpg</i10>
<i11>neg11.jpg</i11>
<i12>neg12.jpg</i12>
<i13>neg13.jpg</i13>
<i14>neg14.jpg</i14>
<i15>neg15.jpg</i15>
<i16>neg16.jpg</i16>
<i17>neg17.jpg</i17>
<i18>neg18.jpg</i18>
<i19>neg19.jpg</i19>
<i20>neg20.jpg</i20>
<i21>neg21.jpg</i21>
<i22>neg22.jpg</i22>
<i23>neg23.jpg</i23>
<i24>neg24.jpg</i24>
<i25>neg25.jpg</i25>
<i26>neg26.jpg</i26>
<i27>neg27.jpg</i27>
<i28>neg28.jpg</i28>
<i29>neg29.jpg</i29>
<i30>neg30.jpg</i30>
<i31>neg31.jpg</i31>
<i32>neg32.jpg</i32>
<i33>neg33.jpg</i33>
<i34>neg34.jpg</i34>
<i35>neg35.jpg</i35>
<i36>neg36.jpg</i36>
<i37>neg37.jpg</i37>
<i38>neg38.jpg</i38>
<i39>neg39.jpg</i39>
<i40>neg40.jpg</i40>
<i41>neg41.jpg</i41>
<i42>neg42.jpg</i42>
<i43>neg43.jpg</i43>
<i44>neg44.jpg</i44>
<i45>neg45.jpg</i45>
<i46>neg46.jpg</i46>
<i47>neg47.jpg</i47>
<i48>neg48.jpg</i48>
<i49>neg49.jpg</i49>
<i50>neg50.jpg</i50>
<i51>neg51.jpg</i51>
<i52>neg52.jpg</i52>
<i53>neg53.jpg</i53>
<i54>neg54.jpg</i54>
<i55>neg55.jpg</i55>
<i56>neg56.jpg</i56>
<i57>neg57.jpg</i57>
<i58>neg58.jpg</i58>
<i59>neg59.jpg</i59>
<i60>neg60.jpg</i60>
<i61>neg61.jpg</i61>
<i62>neg62.jpg</i62>
<i63>neg63.jpg</i63>
<i64>neg64.jpg</i64>
<i65>neg65.jpg</i65>
<i66>neg66.jpg</i66>
<i67>neg67.jpg</i67>
<i68>neg68.jpg</i68>
<i69>neg69.jpg</i69>
<i70>neg70.jpg</i70>
<i71>neg71.jpg</i71>
<i72>neg72.jpg</i72>
<i73>neg73.jpg</i73>
<i74>neg74.jpg</i74>
<i75>neg75.jpg</i75>
<i76>neg76.jpg</i76>
<i77>neg77.jpg</i77>
<i78>neg78.jpg</i78>
<i79>neg79.jpg</i79>
<i80>neg80.jpg</i80>
<i81>neg81.jpg</i81>
<i82>neg82.jpg</i82>
<i83>neg83.jpg</i83>
<i84>neg84.jpg</i84>
<i85>neg85.jpg</i85>
<i86>neg86.jpg</i86>
<i87>neg87.jpg</i87>
<i88>neg88.jpg</i88>
<i89>neg89.jpg</i89>
<i90>neg90.jpg</i90>
<i91>neg91.jpg</i91>
<i92>neg92.jpg</i92>
<i93>neg93.jpg</i93>
<i94>neg94.jpg</i94>
<i95>neg95.jpg</i95>
</opencv_storage>