<?xml version="1.0"?>
<opencv_storage>
<num>50</num>
<i1>pug_100.jpg</i1>
<i2>pug_101.jpg</i2>
<i3>pug_102.jpg</i3>
<i4>pug_103.jpg</i4>
<i5>pug_104.jpg</i5>
<i6>pug_105.jpg</i6>
<i7>pug_106.jpg</i7>
<i8>pug_107.jpg</i8>
<i9>pug_108.jpg</i9>
<i10>pug_109.jpg</i10>
<i11>pug_120.jpg</i11>
<i12>pug_121.jpg</i12>
<i13>pug_122.jpg</i13>
<i14>pug_123.jpg</i14>
<i15>pug_124.jpg</i15>
<i16>pug_125.jpg</i16>
<i17>pug_126.jpg</i17>
<i18>pug_127.jpg</i18>
<i19>pug_128.jpg</i19>
<i20>pug_129.jpg</i20>
<i21>pug_130.jpg</i21>
<i22>pug_131.jpg</i22>
<i23>pug_132.jpg</i23>
<i24>pug_133.jpg</i24>
<i25>pug_134.jpg</i25>
<i26>pug_135.jpg</i26>
<i27>pug_136.jpg</i27>
<i28>pug_137.jpg</i28>
<i29>pug_138.jpg</i29>
<i30>pug_139.jpg</i30>
<i31>pug_140.jpg</i31>
<i32>pug_141.jpg</i32>
<i33>pug_142.jpg</i33>
<i34>pug_143.jpg</i34>
<i35>pug_144.jpg</i35>
<i36>pug_145.jpg</i36>
<i37>pug_146.jpg</i37>
<i38>pug_147.jpg</i38>
<i39>pug_148.jpg</i39>
<i40>pug_149.jpg</i40>
<i41>pug_160.jpg</i41>
<i42>pug_161.jpg</i42>
<i43>pug_162.jpg</i43>
<i44>pug_163.jpg</i44>
<i45>pug_164.jpg</i45>
<i46>pug_165.jpg</i46>
<i47>pug_166.jpg</i47>
<i48>pug_167.jpg</i48>
<i49>pug_168.jpg</i49>
<i50>pug_169.jpg</i50>
</opencv_storage>